# 080825C	241366429.105	233.9     	 -4.5      	0.75    	 3.2	  29.4
# 080916C	243216766.614	119.85    	-56.64     	0.0001  	 5.0	 209.8
# 081006 	244996175.173	136.32    	-62.05     	0.52    	 0.7	 115.0
# 081024B	246576161.864	322.95    	 21.2      	0.22    	 0.1	 191.0
# 090217 	256539404.560	204.83    	-8.42      	0.35    	 6.2	  68.0
# 090323 	259459364.630	190.71    	 17.053    	0.0001  	15.9	 293.9
# 090328 	259925808.510	 90.67    	-41.715    	0.0002  	18.8	 652.9
# 090510 	263607781.971	333.55    	-26.583    	0.0004  	 0.6	  45.6
# 090626 	267683530.880	170.03    	-33.49     	0.22    	52.2	 299.9
! 090902B	273582310.313	264.94    	 27.324    	0.001   	 7.7	 825.0
! 090926A	275631628.990	353.4     	-66.32     	0.01    	 5.5	 225.0
# 091003 	276237347.585	251.52    	 36.625    	0.0005  	 3.9	 452.6
# 091031 	278683230.850	 71.49    	-57.65     	0.23    	 3.1	 206.2
# 100116A	285370262.240	305.01    	 14.43     	0.17    	 3.0	 141.0
# 100414A	292904423.990	192.11    	  8.693    	0.0005  	17.4	 288.6
# 110120A	317231981.230	 61.5     	-12.0      	0.36    	 0.5	 112.8
# 110428A	325675112.410	  5.59     	 64.849    	0.00001 	10.7	 407.6
# 110721A	332916465.760	333.2     	-38.5      	0.20    	 0.1	 239.0
# 110731A	333803371.954	280.504   	-28.537    	0.0001  	 3.0	  24.1
